1 0.0625 0.4041666666666667 0.125 0.3744047619047619
1 0.15416666666666667 0.36904761904761907 0.14583333333333334 0.3047619047619048
1 0.2386904761904762 0.5541666666666667 0.09761904761904762 0.22678571428571428
1 0.3392857142857143 0.5720238095238095 0.1130952380952381 0.2357142857142857
1 0.4398809523809524 0.425 0.09464285714285714 0.20773809523809525
1 0.5458333333333333 0.4244047619047619 0.06488095238095239 0.16130952380952382
1 0.5922619047619048 0.39940476190476193 0.08154761904761905 0.2017857142857143
1 0.6625 0.49047619047619045 0.05654761904761905 0.12380952380952381
1 0.7119047619047619 0.39940476190476193 0.08928571428571429 0.1595238095238095
1 0.819047619047619 0.4791666666666667 0.025 0.050595238095238096
1 0.9214285714285714 0.3952380952380952 0.075 0.1869047619047619