1 0.7089285714285715 0.5226190476190476 0.09464285714285714 0.22142857142857142
1 0.7803571428571429 0.5059523809523809 0.050595238095238096 0.14761904761904762
1 0.9660714285714286 0.5613095238095238 0.06785714285714285 0.19404761904761905
1 0.5678571428571428 0.5488095238095239 0.07857142857142857 0.15476190476190477
1 0.41369047619047616 0.5011904761904762 0.07083333333333333 0.1488095238095238
1 0.3529761904761905 0.5279761904761905 0.023214285714285715 0.04642857142857143
1 0.3136904761904762 0.5226190476190476 0.019642857142857142 0.050595238095238096
1 0.2654761904761905 0.5148809523809523 0.075 0.16488095238095238
1 0.20714285714285716 0.6095238095238096 0.09285714285714286 0.1982142857142857
1 0.05357142857142857 0.49642857142857144 0.04523809523809524 0.07678571428571429
1 0.015476190476190477 0.5351190476190476 0.030952380952380953 0.10119047619047619