1 0.8672619047619048 0.21726190476190477 0.06547619047619048 0.1375
1 0.7982142857142858 0.22857142857142856 0.05714285714285714 0.08928571428571429
1 0.7279761904761904 0.23809523809523808 0.0375 0.08928571428571429
1 0.6214285714285714 0.21011904761904762 0.04047619047619048 0.08273809523809524
1 0.5291666666666667 0.23214285714285715 0.041666666666666664 0.08928571428571429
1 0.45535714285714285 0.26071428571428573 0.03571428571428571 0.06547619047619048
1 0.4 0.25297619047619047 0.03571428571428571 0.09047619047619047
1 0.31607142857142856 0.29285714285714287 0.04702380952380952 0.07678571428571429
1 0.18035714285714285 0.3613095238095238 0.055952380952380955 0.09821428571428571
1 0.0380952380952381 0.5577380952380953 0.06785714285714285 0.10595238095238095
1 0.08273809523809524 0.6708333333333333 0.0988095238095238 0.16071428571428573
1 0.2505952380952381 0.8458333333333333 0.08452380952380953 0.12976190476190477
1 0.5464285714285714 0.5196428571428572 0.08214285714285714 0.14821428571428572
1 0.7357142857142858 0.5505952380952381 0.07678571428571429 0.12678571428571428
1 0.7964285714285714 0.4452380952380952 0.10119047619047619 0.14047619047619048