0 0.7279761904761904 0.75 0.05 0.1125
0 0.5654761904761905 0.5678571428571428 0.04583333333333333 0.07976190476190476
0 0.6190476190476191 0.5339285714285714 0.03273809523809524 0.075
1 0.5672619047619047 0.4386904761904762 0.024404761904761905 0.05654761904761905
1 0.4125 0.375 0.025595238095238095 0.048214285714285716
1 0.42797619047619045 0.5744047619047619 0.033928571428571426 0.06904761904761905
1 0.381547619047619 0.6071428571428571 0.033928571428571426 0.0630952380952381
1 0.3880952380952381 0.5279761904761905 0.03214285714285714 0.05476190476190476
1 0.45535714285714285 0.4982142857142857 0.029166666666666667 0.06130952380952381
1 0.4714285714285714 0.4732142857142857 0.02023809523809524 0.06011904761904762
1 0.34285714285714286 0.5773809523809523 0.03571428571428571 0.05178571428571429
1 0.3267857142857143 0.625 0.03511904761904762 0.06726190476190476
1 0.2857142857142857 0.5642857142857143 0.030952380952380953 0.05773809523809524
1 0.25892857142857145 0.6339285714285714 0.041666666666666664 0.06964285714285715
1 0.21726190476190477 0.6041666666666666 0.033928571428571426 0.05773809523809524
1 0.19702380952380952 0.6857142857142857 0.036904761904761905 0.07559523809523809
1 0.825595238095238 0.5172619047619048 0.030952380952380953 0.06011904761904762
1 0.6625 0.3952380952380952 0.024404761904761905 0.047619047619047616
1 0.5982142857142857 0.4363095238095238 0.02619047619047619 0.050595238095238096