1 0.047619047619047616 0.18333333333333332 0.07380952380952381 0.14464285714285716
1 0.13095238095238096 0.1863095238095238 0.06726190476190476 0.12142857142857143
1 0.19345238095238096 0.4113095238095238 0.08095238095238096 0.16904761904761906
1 0.20833333333333334 0.13273809523809524 0.05654761904761905 0.10416666666666667
1 0.22916666666666666 0.22023809523809523 0.04523809523809524 0.11726190476190476
1 0.3047619047619048 0.20238095238095238 0.05 0.13273809523809524
1 0.3196428571428571 0.39166666666666666 0.07380952380952381 0.15595238095238095
1 0.41845238095238096 0.40535714285714286 0.0625 0.1255952380952381
1 0.39404761904761904 0.20476190476190476 0.05178571428571429 0.10238095238095238
1 0.4523809523809524 0.23154761904761906 0.052976190476190475 0.11845238095238095
1 0.4773809523809524 0.15654761904761905 0.04107142857142857 0.11726190476190476
1 0.5422619047619047 0.2130952380952381 0.05 0.1113095238095238
1 0.5327380952380952 0.40773809523809523 0.06130952380952381 0.1386904761904762
1 0.6244047619047619 0.41309523809523807 0.06428571428571428 0.12142857142857143
1 0.5827380952380953 0.16785714285714284 0.04880952380952381 0.10714285714285714
1 0.6583333333333333 0.2392857142857143 0.05 0.11726190476190476
1 0.6630952380952381 0.15654761904761905 0.04404761904761905 0.0880952380952381
1 0.7345238095238096 0.21964285714285714 0.04523809523809524 0.11845238095238095
1 0.7470238095238095 0.3827380952380952 0.0625 0.13273809523809524
1 0.8886904761904761 0.39940476190476193 0.04523809523809524 0.11726190476190476
1 0.9642857142857143 0.4160714285714286 0.042261904761904764 0.1125
1 0.9119047619047619 0.18214285714285713 0.05 0.11547619047619048
1 0.8446428571428571 0.23035714285714284 0.04880952380952381 0.11726190476190476
1 0.7958333333333333 0.20952380952380953 0.026785714285714284 0.09523809523809523
1 0.7636904761904761 0.19642857142857142 0.04345238095238095 0.10714285714285714