1 0.6458333333333334 0.4297619047619048 0.03154761904761905 0.05238095238095238
1 0.7023809523809523 0.43333333333333335 0.03333333333333333 0.05654761904761905
1 0.8303571428571429 0.4452380952380952 0.02619047619047619 0.04404761904761905
1 0.475 0.4220238095238095 0.017857142857142856 0.04523809523809524
1 0.4589285714285714 0.40714285714285714 0.016666666666666666 0.05
1 0.305952380952381 0.4517857142857143 0.020833333333333332 0.048214285714285716
0 0.5744047619047619 0.31726190476190474 0.0875 0.11845238095238095
0 0.42083333333333334 0.3047619047619048 0.07142857142857142 0.1244047619047619
0 0.25595238095238093 0.3196428571428571 0.08630952380952381 0.13035714285714287
0 0.14821428571428572 0.26964285714285713 0.09761904761904762 0.1392857142857143
0 0.9220238095238096 0.42738095238095236 0.04702380952380952 0.07678571428571429