1 0.2375 0.825595238095238 0.05178571428571429 0.07202380952380952
0 0.5517857142857143 0.5904761904761905 0.036904761904761905 0.05714285714285714
0 0.3726190476190476 0.5595238095238095 0.04345238095238095 0.05416666666666667
0 0.15654761904761905 0.46726190476190477 0.03273809523809524 0.03988095238095238
0 0.7505952380952381 0.4607142857142857 0.05 0.060714285714285714
0 0.8035714285714286 0.4851190476190476 0.0380952380952381 0.04702380952380952
0 0.0994047619047619 0.5988095238095238 0.05357142857142857 0.06845238095238096
0 0.2119047619047619 0.4375 0.058333333333333334 0.06785714285714285
0 0.2875 0.4095238095238095 0.04642857142857143 0.05357142857142857
0 0.8690476190476191 0.8369047619047619 0.09166666666666666 0.09761904761904762
0 0.4029761904761905 0.4982142857142857 0.04583333333333333 0.047619047619047616
0 0.4017857142857143 0.4630952380952381 0.050595238095238096 0.05714285714285714