1 0.14761904761904762 0.2130952380952381 0.0625 0.14226190476190476
1 0.2791666666666667 0.2375 0.0625 0.11726190476190476
1 0.37083333333333335 0.1880952380952381 0.06785714285714285 0.1244047619047619
1 0.32916666666666666 0.35714285714285715 0.05892857142857143 0.12738095238095237
1 0.4529761904761905 0.32142857142857145 0.06130952380952381 0.1244047619047619
1 0.5041666666666667 0.24345238095238095 0.0630952380952381 0.10238095238095238
1 0.5833333333333334 0.25476190476190474 0.07559523809523809 0.1125
1 0.6815476190476191 0.2261904761904762 0.06130952380952381 0.11428571428571428
1 0.7458333333333333 0.2726190476190476 0.0744047619047619 0.13333333333333333
1 0.5488095238095239 0.5267857142857143 0.07083333333333333 0.11726190476190476
1 0.843452380952381 0.16904761904761906 0.07976190476190476 0.13333333333333333