1 0.6005952380952381 0.22738095238095238 0.05952380952380952 0.0880952380952381
1 0.04047619047619048 0.16547619047619047 0.08035714285714286 0.33095238095238094
1 0.0875 0.18988095238095237 0.06904761904761905 0.22023809523809523
1 0.13452380952380952 0.21666666666666667 0.05416666666666667 0.1773809523809524
1 0.1630952380952381 0.19583333333333333 0.05416666666666667 0.14226190476190476
1 0.23809523809523808 0.20892857142857144 0.0625 0.12202380952380952
1 0.30416666666666664 0.21666666666666667 0.058333333333333334 0.11488095238095238
1 0.3541666666666667 0.24702380952380953 0.02976190476190476 0.05238095238095238
1 0.38333333333333336 0.24285714285714285 0.029166666666666667 0.06845238095238096
1 0.4488095238095238 0.22857142857142856 0.0375 0.07738095238095238
1 0.4261904761904762 0.22916666666666666 0.023214285714285715 0.052976190476190475
1 0.4851190476190476 0.24226190476190476 0.041666666666666664 0.09285714285714286
1 0.5404761904761904 0.225 0.02857142857142857 0.06607142857142857
1 0.6767857142857143 0.24285714285714285 0.024404761904761905 0.05654761904761905
1 0.7011904761904761 0.2571428571428571 0.02738095238095238 0.06488095238095239