1 0.5791666666666667 0.4029761904761905 0.05 0.1005952380952381
1 0.11666666666666667 0.31666666666666665 0.11190476190476191 0.15892857142857142
1 0.2226190476190476 0.3416666666666667 0.060714285714285714 0.10952380952380952
1 0.25535714285714284 0.3238095238095238 0.03630952380952381 0.07678571428571429
1 0.35654761904761906 0.35 0.0494047619047619 0.08928571428571429
1 0.41964285714285715 0.3535714285714286 0.0761904761904762 0.13095238095238096
1 0.46904761904761905 0.3380952380952381 0.058333333333333334 0.10773809523809524
1 0.5797619047619048 0.3386904761904762 0.029166666666666667 0.05238095238095238
1 0.6982142857142857 0.30238095238095236 0.05238095238095238 0.11071428571428571
1 0.7654761904761904 0.3482142857142857 0.02619047619047619 0.048214285714285716
1 0.8696428571428572 0.32202380952380955 0.055357142857142855 0.1005952380952381