1 0.06488095238095239 0.3107142857142857 0.08035714285714286 0.20238095238095238
1 0.15119047619047618 0.3113095238095238 0.08154761904761905 0.1636904761904762
1 0.2261904761904762 0.2571428571428571 0.05416666666666667 0.16964285714285715
1 0.2571428571428571 0.5529761904761905 0.07738095238095238 0.2125
1 0.29523809523809524 0.3 0.075 0.1738095238095238
1 0.37142857142857144 0.2255952380952381 0.06130952380952381 0.1386904761904762
1 0.37797619047619047 0.39345238095238094 0.08571428571428572 0.17976190476190476
1 0.46726190476190477 0.6511904761904762 0.08988095238095238 0.15892857142857142
1 0.5297619047619048 0.48035714285714287 0.0869047619047619 0.15714285714285714
1 0.5113095238095238 0.3619047619047619 0.08571428571428572 0.12023809523809524
1 0.5017857142857143 0.22678571428571428 0.06666666666666667 0.14523809523809525
1 0.6297619047619047 0.3255952380952381 0.07202380952380952 0.17559523809523808
1 0.6708333333333333 0.39464285714285713 0.06428571428571428 0.14583333333333334
1 0.7011904761904761 0.2755952380952381 0.06547619047619048 0.125
1 0.7607142857142857 0.4488095238095238 0.09404761904761905 0.2011904761904762
1 0.7952380952380952 0.31785714285714284 0.09464285714285714 0.16785714285714284
1 0.8303571428571429 0.26011904761904764 0.0744047619047619 0.14345238095238094
1 0.9089285714285714 0.36666666666666664 0.09107142857142857 0.17559523809523808