1 0.5404761904761904 0.3904761904761905 0.04345238095238095 0.12142857142857143
1 0.1886904761904762 0.2357142857142857 0.10714285714285714 0.25476190476190474
1 0.28214285714285714 0.381547619047619 0.06726190476190476 0.19464285714285715
1 0.23214285714285715 0.36904761904761907 0.050595238095238096 0.12023809523809524
1 0.33035714285714285 0.40595238095238095 0.03214285714285714 0.08035714285714286
1 0.3619047619047619 0.40476190476190477 0.041666666666666664 0.0994047619047619
1 0.4029761904761905 0.39166666666666666 0.048214285714285716 0.14523809523809525
1 0.44761904761904764 0.4303571428571429 0.036904761904761905 0.1005952380952381
1 0.5761904761904761 0.41845238095238096 0.030952380952380953 0.09404761904761905
1 0.5970238095238095 0.45416666666666666 0.02142857142857143 0.055952380952380955
1 0.6458333333333334 0.44761904761904764 0.017857142857142856 0.047619047619047616
1 0.611904761904762 0.44345238095238093 0.01488095238095238 0.04404761904761905