0 0.044642857142857144 0.43154761904761907 0.06785714285714285 0.125
0 0.14047619047619048 0.4029761904761905 0.05119047619047619 0.09821428571428571
0 0.23511904761904762 0.40773809523809523 0.06488095238095239 0.10773809523809524
0 0.28869047619047616 0.39285714285714285 0.044642857142857144 0.10357142857142858
0 0.4166666666666667 0.38095238095238093 0.05357142857142857 0.11666666666666667
0 0.4595238095238095 0.3773809523809524 0.041666666666666664 0.10654761904761904
0 0.5142857142857142 0.38333333333333336 0.05416666666666667 0.11666666666666667
0 0.5982142857142857 0.4107142857142857 0.02619047619047619 0.05654761904761905
0 0.6625 0.3380952380952381 0.05654761904761905 0.11369047619047619
0 0.7363095238095239 0.3976190476190476 0.05119047619047619 0.10535714285714286
0 0.7839285714285714 0.37797619047619047 0.04047619047619048 0.09107142857142857
0 0.8857142857142857 0.3607142857142857 0.05773809523809524 0.125