1 0.3345238095238095 0.3244047619047619 0.075 0.1494047619047619
1 0.27976190476190477 0.22142857142857142 0.0494047619047619 0.09404761904761905
1 0.20357142857142857 0.20535714285714285 0.03571428571428571 0.08095238095238096
1 0.15833333333333333 0.21785714285714286 0.022023809523809525 0.03571428571428571
1 0.07976190476190476 0.23214285714285715 0.09285714285714286 0.17202380952380952
1 0.01369047619047619 0.2005952380952381 0.026785714285714284 0.04345238095238095
1 0.2494047619047619 0.21785714285714286 0.016666666666666666 0.030952380952380953
1 0.3333333333333333 0.21904761904761905 0.03511904761904762 0.06666666666666667
1 0.3595238095238095 0.21964285714285714 0.02142857142857143 0.04583333333333333
1 0.3964285714285714 0.22023809523809523 0.04642857142857143 0.08630952380952381
1 0.42857142857142855 0.2113095238095238 0.01369047619047619 0.02738095238095238
1 0.46904761904761905 0.2654761904761905 0.050595238095238096 0.10892857142857143
1 0.5107142857142857 0.2017857142857143 0.042261904761904764 0.0994047619047619
1 0.5613095238095238 0.2839285714285714 0.05773809523809524 0.11190476190476191
1 0.5988095238095238 0.22321428571428573 0.020833333333333332 0.03988095238095238
1 0.6208333333333333 0.2255952380952381 0.02261904761904762 0.05416666666666667
1 0.7172619047619048 0.21964285714285714 0.03869047619047619 0.09166666666666666
1 0.7577380952380952 0.23214285714285715 0.07142857142857142 0.12083333333333333
1 0.8047619047619048 0.22797619047619047 0.03214285714285714 0.07202380952380952
1 0.8726190476190476 0.22321428571428573 0.036904761904761905 0.06666666666666667
1 0.9511904761904761 0.2630952380952381 0.09761904761904762 0.1595238095238095