1 0.1261904761904762 0.656547619047619 0.04880952380952381 0.06369047619047619
1 0.13035714285714287 0.7208333333333333 0.05654761904761905 0.06190476190476191
1 0.08511904761904762 0.6208333333333333 0.05892857142857143 0.06488095238095239
1 0.17797619047619048 0.49642857142857144 0.03333333333333333 0.05178571428571429
1 0.26785714285714285 0.5220238095238096 0.04345238095238095 0.07261904761904762
1 0.32916666666666666 0.5482142857142858 0.03988095238095238 0.06845238095238096
1 0.4363095238095238 0.5160714285714286 0.042261904761904764 0.06130952380952381
1 0.5571428571428572 0.4392857142857143 0.0375 0.06369047619047619
1 0.6880952380952381 0.26904761904761904 0.022023809523809525 0.03154761904761905
1 0.6357142857142857 0.2732142857142857 0.02142857142857143 0.030357142857142857
1 0.8244047619047619 0.16130952380952382 0.023809523809523808 0.030357142857142857
1 0.8559523809523809 0.15833333333333333 0.023809523809523808 0.030952380952380953