0 0.33214285714285713 0.4148809523809524 0.05416666666666667 0.09107142857142857
0 0.3047619047619048 0.3744047619047619 0.03214285714285714 0.07797619047619048
0 0.13690476190476192 0.3767857142857143 0.09285714285714286 0.21071428571428572
0 0.19642857142857142 0.3869047619047619 0.05238095238095238 0.10357142857142858
0 0.3976190476190476 0.3470238095238095 0.07380952380952381 0.18154761904761904
0 0.4773809523809524 0.3827380952380952 0.07738095238095238 0.13333333333333333
0 0.580952380952381 0.3952380952380952 0.044642857142857144 0.09345238095238095
0 0.6327380952380952 0.3952380952380952 0.055952380952380955 0.11607142857142858
0 0.7398809523809524 0.3958333333333333 0.06607142857142857 0.1005952380952381
0 0.8101190476190476 0.3904761904761905 0.04404761904761905 0.09642857142857143
0 0.8845238095238095 0.4041666666666667 0.04880952380952381 0.1125
0 0.9494047619047619 0.39404761904761904 0.08214285714285714 0.1630952380952381