1 0.16130952380952382 0.4928571428571429 0.05119047619047619 0.07678571428571429
1 0.23392857142857143 0.506547619047619 0.05 0.06369047619047619
1 0.28869047619047616 0.49404761904761907 0.0375 0.06845238095238096
1 0.36547619047619045 0.4928571428571429 0.034523809523809526 0.05952380952380952
1 0.44285714285714284 0.4791666666666667 0.0375 0.06369047619047619
1 0.5107142857142857 0.5154761904761904 0.03333333333333333 0.05654761904761905
1 0.5654761904761905 0.4976190476190476 0.0375 0.058333333333333334
1 0.611904761904762 0.4845238095238095 0.03630952380952381 0.05654761904761905
1 0.6583333333333333 0.4988095238095238 0.03571428571428571 0.05654761904761905
1 0.7047619047619048 0.5059523809523809 0.03630952380952381 0.05654761904761905
1 0.7571428571428571 0.5172619047619048 0.03869047619047619 0.05416666666666667
1 0.8291666666666667 0.5029761904761905 0.04047619047619048 0.05952380952380952
1 0.7869047619047619 0.4732142857142857 0.03571428571428571 0.05119047619047619
1 0.8869047619047619 0.48392857142857143 0.03630952380952381 0.06369047619047619