1 0.050595238095238096 0.23273809523809524 0.08154761904761905 0.1375
1 0.19404761904761905 0.21011904761904762 0.048214285714285716 0.09583333333333334
1 0.23392857142857143 0.20476190476190476 0.04345238095238095 0.10297619047619047
1 0.1732142857142857 0.4869047619047619 0.06964285714285715 0.1244047619047619
1 0.2625 0.4732142857142857 0.06964285714285715 0.09107142857142857
1 0.2875 0.4035714285714286 0.05 0.07678571428571429
1 0.29404761904761906 0.325 0.05 0.0880952380952381
1 0.3005952380952381 0.23333333333333334 0.041666666666666664 0.07797619047619048
1 0.35059523809523807 0.23392857142857143 0.04345238095238095 0.09404761904761905
1 0.42797619047619045 0.19940476190476192 0.041666666666666664 0.09702380952380953
1 0.3607142857142857 0.3416666666666667 0.05 0.08988095238095238
1 0.26071428571428573 0.6035714285714285 0.05119047619047619 0.09404761904761905
1 0.5160714285714286 0.4107142857142857 0.048214285714285716 0.08273809523809524
1 0.5053571428571428 0.19940476190476192 0.05238095238095238 0.07678571428571429
1 0.580952380952381 0.6821428571428572 0.06190476190476191 0.09285714285714286
1 0.6851190476190476 0.6571428571428571 0.06726190476190476 0.09107142857142857
1 0.6041666666666666 0.5964285714285714 0.05357142857142857 0.0880952380952381
1 0.5892857142857143 0.45 0.05 0.07976190476190476
1 0.6416666666666667 0.39107142857142857 0.05892857142857143 0.08988095238095238
1 0.5607142857142857 0.2869047619047619 0.05654761904761905 0.07797619047619048
1 0.6273809523809524 0.2845238095238095 0.039285714285714285 0.0625
1 0.674404761904762 0.25833333333333336 0.04345238095238095 0.0880952380952381
1 0.8940476190476191 0.29285714285714287 0.055357142857142855 0.09583333333333334
1 0.8875 0.2011904761904762 0.044642857142857144 0.0869047619047619
1 0.8196428571428571 0.13690476190476192 0.044642857142857144 0.05952380952380952