1 0.09404761904761905 0.46904761904761905 0.06785714285714285 0.1392857142857143
1 0.19345238095238096 0.4714285714285714 0.05416666666666667 0.11666666666666667
0 0.2892857142857143 0.4607142857142857 0.07083333333333333 0.14345238095238094
0 0.2791666666666667 0.3148809523809524 0.05238095238095238 0.11547619047619048
0 0.3892857142857143 0.30833333333333335 0.05952380952380952 0.12857142857142856
0 0.4011904761904762 0.4797619047619048 0.05654761904761905 0.14642857142857144
0 0.5232142857142857 0.46726190476190477 0.06369047619047619 0.15654761904761905
0 0.5119047619047619 0.2779761904761905 0.05654761904761905 0.1363095238095238
0 0.6226190476190476 0.3011904761904762 0.06369047619047619 0.12857142857142856
0 0.6571428571428571 0.45714285714285713 0.05476190476190476 0.15357142857142858
0 0.7309523809523809 0.32261904761904764 0.05654761904761905 0.1125
0 0.7678571428571429 0.45654761904761904 0.06428571428571428 0.1494047619047619
0 0.8327380952380953 0.31785714285714284 0.055952380952380955 0.12738095238095237
0 0.9017857142857143 0.42083333333333334 0.06726190476190476 0.16428571428571428