1 0.06190476190476191 0.36547619047619045 0.055952380952380955 0.09226190476190477
1 0.1244047619047619 0.319047619047619 0.06904761904761905 0.11547619047619048
1 0.1880952380952381 0.5369047619047619 0.06547619047619048 0.09047619047619047
1 0.24821428571428572 0.5988095238095238 0.041666666666666664 0.0869047619047619
1 0.33630952380952384 0.5630952380952381 0.07023809523809524 0.09464285714285714
1 0.3755952380952381 0.475 0.08452380952380953 0.1255952380952381
1 0.6071428571428571 0.5654761904761905 0.07202380952380952 0.0988095238095238
1 0.6851190476190476 0.5458333333333333 0.05416666666666667 0.0988095238095238
1 0.6291666666666667 0.4351190476190476 0.06369047619047619 0.11666666666666667
1 0.8184523809523809 0.4583333333333333 0.08154761904761905 0.13690476190476192
1 0.9494047619047619 0.544047619047619 0.10119047619047619 0.1761904761904762
1 0.9291666666666667 0.16488095238095238 0.09107142857142857 0.1255952380952381
1 0.8761904761904762 0.07916666666666666 0.055952380952380955 0.1125
1 0.825595238095238 0.1595238095238095 0.07023809523809524 0.09702380952380953
1 0.7892857142857143 0.1761904761904762 0.0380952380952381 0.09047619047619047
1 0.7357142857142858 0.17261904761904762 0.05892857142857143 0.10119047619047619
1 0.6827380952380953 0.09345238095238095 0.08452380952380953 0.09285714285714286
1 0.6113095238095239 0.15714285714285714 0.047619047619047616 0.09285714285714286
1 0.5636904761904762 0.14107142857142857 0.044642857142857144 0.07738095238095238
1 0.5059523809523809 0.11845238095238095 0.05119047619047619 0.09047619047619047
1 0.5035714285714286 0.2779761904761905 0.075 0.09047619047619047
1 0.45595238095238094 0.1875 0.05416666666666667 0.07738095238095238
1 0.41964285714285715 0.11785714285714285 0.03511904761904762 0.08392857142857142
1 0.39285714285714285 0.20357142857142857 0.06547619047619048 0.11488095238095238
1 0.3380952380952381 0.17261904761904762 0.05416666666666667 0.09702380952380953
1 0.2720238095238095 0.20595238095238094 0.05416666666666667 0.09285714285714286
1 0.2577380952380952 0.11428571428571428 0.05773809523809524 0.09464285714285714
1 0.18333333333333332 0.05357142857142857 0.04285714285714286 0.09702380952380953
1 0.1636904761904762 0.19702380952380952 0.060714285714285714 0.09285714285714286
1 0.12202380952380952 0.11547619047619048 0.07023809523809524 0.10178571428571428
1 0.047619047619047616 0.05 0.05892857142857143 0.08630952380952381
1 0.052976190476190475 0.16726190476190475 0.05416666666666667 0.11726190476190476