0 0.3613095238095238 0.28869047619047616 0.08154761904761905 0.19523809523809524
0 0.5565476190476191 0.32142857142857145 0.10535714285714286 0.22857142857142856
0 0.6214285714285714 0.2363095238095238 0.07380952380952381 0.16904761904761906
1 0.05654761904761905 0.32321428571428573 0.07261904761904762 0.17797619047619048
1 0.12023809523809524 0.2922619047619048 0.06011904761904762 0.12380952380952381
1 0.4446428571428571 0.3357142857142857 0.06011904761904762 0.1529761904761905
1 0.9297619047619048 0.11607142857142858 0.03333333333333333 0.048214285714285716
1 0.768452380952381 0.11428571428571428 0.0988095238095238 0.18511904761904763
1 0.8416666666666667 0.3125 0.21071428571428572 0.35119047619047616
1 0.9726190476190476 0.12916666666666668 0.05476190476190476 0.2494047619047619
0 0.5416666666666666 0.175 0.03571428571428571 0.07261904761904762