0 0.6922619047619047 0.6761904761904762 0.05952380952380952 0.05416666666666667
0 0.5255952380952381 0.7357142857142858 0.07321428571428572 0.06547619047619048
0 0.5964285714285714 0.7642857142857142 0.0744047619047619 0.0625
0 0.6095238095238096 0.8595238095238096 0.09523809523809523 0.07678571428571429
0 0.40773809523809523 0.6440476190476191 0.03571428571428571 0.04404761904761905
1 0.5625 0.9315476190476191 0.10535714285714286 0.09642857142857143
1 0.7083333333333334 0.8571428571428571 0.09642857142857143 0.09226190476190477
1 0.7446428571428572 0.6589285714285714 0.05952380952380952 0.05654761904761905
1 0.36547619047619045 0.7178571428571429 0.06904761904761905 0.075
1 0.4636904761904762 0.8226190476190476 0.06369047619047619 0.07976190476190476
1 0.9196428571428571 0.9494047619047619 0.10476190476190476 0.0869047619047619
1 0.981547619047619 0.8886904761904761 0.03630952380952381 0.07797619047619048
1 0.4505952380952381 0.7095238095238096 0.05357142857142857 0.05238095238095238