1 0.35833333333333334 0.3119047619047619 0.09642857142857143 0.20595238095238094
1 0.4636904761904762 0.3630952380952381 0.07202380952380952 0.15178571428571427
1 0.5654761904761905 0.3404761904761905 0.11071428571428571 0.21428571428571427
1 0.6988095238095238 0.3113095238095238 0.058333333333333334 0.1761904761904762
1 0.7541666666666667 0.2732142857142857 0.10476190476190476 0.24285714285714285
1 0.8630952380952381 0.2988095238095238 0.075 0.19464285714285715
1 0.9452380952380952 0.3267857142857143 0.06190476190476191 0.11071428571428571
1 0.25416666666666665 0.35059523809523807 0.0875 0.1875
1 0.18928571428571428 0.3244047619047619 0.060714285714285714 0.1494047619047619
1 0.08571428571428572 0.3821428571428571 0.060714285714285714 0.11666666666666667
1 0.04345238095238095 0.4452380952380952 0.07857142857142857 0.16607142857142856