1 0.6190476190476191 0.38511904761904764 0.04642857142857143 0.07202380952380952
1 0.6845238095238095 0.3732142857142857 0.03869047619047619 0.075
1 0.7452380952380953 0.4488095238095238 0.04404761904761905 0.0761904761904762
1 0.8077380952380953 0.4226190476190476 0.036904761904761905 0.07797619047619048
1 0.8494047619047619 0.42797619047619045 0.033928571428571426 0.06130952380952381
1 0.8720238095238095 0.3875 0.03511904761904762 0.055357142857142855
1 0.9494047619047619 0.3964285714285714 0.036904761904761905 0.06428571428571428
1 0.5541666666666667 0.3970238095238095 0.030952380952380953 0.06011904761904762
1 0.4994047619047619 0.4083333333333333 0.0494047619047619 0.0761904761904762
1 0.4523809523809524 0.3869047619047619 0.03511904761904762 0.05714285714285714
1 0.4630952380952381 0.34404761904761905 0.03154761904761905 0.06130952380952381
1 0.37976190476190474 0.3869047619047619 0.03571428571428571 0.07797619047619048
1 0.3547619047619048 0.3761904761904762 0.029166666666666667 0.07202380952380952
1 0.2892857142857143 0.4107142857142857 0.03214285714285714 0.06904761904761905
1 0.31845238095238093 0.39166666666666666 0.027976190476190477 0.05238095238095238
1 0.30178571428571427 0.33095238095238094 0.03214285714285714 0.07202380952380952
1 0.19226190476190477 0.38095238095238093 0.04642857142857143 0.07797619047619048
1 0.06904761904761905 0.39880952380952384 0.04404761904761905 0.06011904761904762
1 0.11369047619047619 0.3345238095238095 0.027976190476190477 0.08392857142857142
1 0.2226190476190476 0.37023809523809526 0.027976190476190477 0.0630952380952381
1 0.2113095238095238 0.3261904761904762 0.042261904761904764 0.06130952380952381