0 0.7130952380952381 0.3964285714285714 0.09285714285714286 0.2017857142857143
0 0.7619047619047619 0.4398809523809524 0.039285714285714285 0.10535714285714286
0 0.856547619047619 0.4363095238095238 0.04404761904761905 0.07678571428571429
0 0.9261904761904762 0.3976190476190476 0.10178571428571428 0.175
0 0.9666666666666667 0.4392857142857143 0.03630952380952381 0.07678571428571429
0 0.6541666666666667 0.4583333333333333 0.05357142857142857 0.10238095238095238
0 0.5994047619047619 0.444047619047619 0.027976190476190477 0.07380952380952381
0 0.5630952380952381 0.4642857142857143 0.034523809523809526 0.07857142857142857
0 0.5035714285714286 0.4648809523809524 0.0380952380952381 0.09821428571428571
0 0.4666666666666667 0.4529761904761905 0.030952380952380953 0.09821428571428571
0 0.2708333333333333 0.43392857142857144 0.07857142857142857 0.12380952380952381