0 0.925 0.544047619047619 0.041666666666666664 0.06845238095238096
0 0.8791666666666667 0.5583333333333333 0.034523809523809526 0.0625
0 0.7726190476190476 0.5577380952380953 0.03214285714285714 0.06666666666666667
0 0.8238095238095238 0.5505952380952381 0.02619047619047619 0.04702380952380952
0 0.7964285714285714 0.5339285714285714 0.02738095238095238 0.05119047619047619
0 0.7351190476190477 0.5541666666666667 0.034523809523809526 0.05416666666666667
0 0.65 0.5565476190476191 0.0375 0.06547619047619048
0 0.6214285714285714 0.5648809523809524 0.027976190476190477 0.05
0 0.5595238095238095 0.5875 0.02619047619047619 0.04107142857142857
0 0.5232142857142857 0.5660714285714286 0.015476190476190477 0.04404761904761905
0 0.4928571428571429 0.5589285714285714 0.022023809523809525 0.05
0 0.381547619047619 0.555952380952381 0.025 0.04107142857142857
0 0.19107142857142856 0.6023809523809524 0.05238095238095238 0.08511904761904762
1 0.03333333333333333 0.5738095238095238 0.05416666666666667 0.09107142857142857