1 0.24166666666666667 0.09642857142857143 0.08452380952380953 0.17559523809523808
1 0.2625 0.35654761904761906 0.11607142857142858 0.23095238095238096
1 0.16130952380952382 0.3726190476190476 0.08630952380952381 0.19047619047619047
1 0.36666666666666664 0.4494047619047619 0.09226190476190477 0.20357142857142857
1 0.46845238095238095 0.2833333333333333 0.09821428571428571 0.2005952380952381
1 0.5113095238095238 0.13095238095238096 0.0744047619047619 0.13095238095238096
1 0.4041666666666667 0.08273809523809524 0.09404761904761905 0.16547619047619047
1 0.5071428571428571 0.4642857142857143 0.07916666666666666 0.1732142857142857
1 0.6023809523809524 0.3410714285714286 0.08333333333333333 0.15
1 0.6136904761904762 0.1636904761904762 0.0761904761904762 0.1380952380952381
1 0.6404761904761904 0.45714285714285713 0.0761904761904762 0.15535714285714286
1 0.7547619047619047 0.425 0.08333333333333333 0.18154761904761904
1 0.8321428571428572 0.31785714285714284 0.08333333333333333 0.17559523809523808
1 0.8767857142857143 0.41369047619047616 0.08928571428571429 0.16428571428571428