1 0.38571428571428573 0.5880952380952381 0.05357142857142857 0.09761904761904762
1 0.506547619047619 0.6297619047619047 0.0761904761904762 0.12261904761904761
1 0.5839285714285715 0.5488095238095239 0.04285714285714286 0.08095238095238096
1 0.5101190476190476 0.4654761904761905 0.044642857142857144 0.0761904761904762
1 0.6297619047619047 0.44761904761904764 0.039285714285714285 0.06428571428571428
1 0.6702380952380952 0.5333333333333333 0.04404761904761905 0.075
1 0.7744047619047619 0.7946428571428571 0.10714285714285714 0.21607142857142858
1 0.2369047619047619 0.6029761904761904 0.07321428571428572 0.09166666666666666
1 0.28095238095238095 0.5208333333333334 0.027976190476190477 0.05238095238095238
1 0.3672619047619048 0.49702380952380953 0.03630952380952381 0.06130952380952381
1 0.20297619047619048 0.5226190476190476 0.03511904761904762 0.055357142857142855
1 0.13214285714285715 0.5071428571428571 0.05 0.06428571428571428
1 0.06488095238095239 0.5410714285714285 0.06726190476190476 0.0988095238095238
1 0.2517857142857143 0.49702380952380953 0.02142857142857143 0.0375