1 0.905952380952381 0.14821428571428572 0.0625 0.11785714285714285
1 0.9565476190476191 0.21071428571428572 0.03869047619047619 0.08928571428571429
1 0.7666666666666667 0.19404761904761905 0.06785714285714285 0.12916666666666668
1 0.6595238095238095 0.24226190476190476 0.060714285714285714 0.09821428571428571
1 0.5886904761904762 0.2375 0.023809523809523808 0.05654761904761905
1 0.5255952380952381 0.23035714285714284 0.03154761904761905 0.0994047619047619
1 0.5601190476190476 0.21785714285714286 0.05416666666666667 0.14642857142857144
1 0.4232142857142857 0.1529761904761905 0.06904761904761905 0.16607142857142856
1 0.4636904761904762 0.20297619047619048 0.030357142857142857 0.08511904761904762
1 0.38511904761904764 0.21428571428571427 0.04047619047619048 0.07380952380952381
1 0.32142857142857145 0.23392857142857143 0.05119047619047619 0.10952380952380952
1 0.17142857142857143 0.18333333333333332 0.060714285714285714 0.10773809523809524