1 0.9005952380952381 0.30238095238095236 0.07321428571428572 0.13690476190476192
1 0.8029761904761905 0.2898809523809524 0.07023809523809524 0.13690476190476192
1 0.7327380952380952 0.3398809523809524 0.04285714285714286 0.12023809523809524
1 0.6244047619047619 0.25416666666666665 0.05178571428571429 0.09166666666666666
1 0.6214285714285714 0.3535714285714286 0.06785714285714285 0.09345238095238095
1 0.6458333333333334 0.4928571428571429 0.06190476190476191 0.10178571428571428
1 0.5869047619047619 0.5357142857142857 0.04642857142857143 0.09523809523809523
1 0.4928571428571429 0.5166666666666667 0.04047619047619048 0.08273809523809524
1 0.5267857142857143 0.3541666666666667 0.05773809523809524 0.11190476190476191
1 0.42738095238095236 0.4595238095238095 0.05952380952380952 0.11428571428571428
1 0.4505952380952381 0.2702380952380952 0.0494047619047619 0.08511904761904762
1 0.3273809523809524 0.45 0.05714285714285714 0.12916666666666668
1 0.2119047619047619 0.35714285714285715 0.05714285714285714 0.12083333333333333
1 0.09702380952380953 0.3863095238095238 0.060714285714285714 0.13690476190476192
1 0.32142857142857145 0.3130952380952381 0.055952380952380955 0.11190476190476191
1 0.4089285714285714 0.34404761904761905 0.04880952380952381 0.12083333333333333
1 0.35714285714285715 0.25833333333333336 0.04702380952380952 0.10416666666666667
1 0.23214285714285715 0.29285714285714287 0.0630952380952381 0.1351190476190476
1 0.15357142857142858 0.4154761904761905 0.05773809523809524 0.1130952380952381