0 0.7958333333333333 0.5005952380952381 0.06190476190476191 0.10952380952380952
0 0.8773809523809524 0.44047619047619047 0.05952380952380952 0.0994047619047619
0 0.6511904761904762 0.4523809523809524 0.04583333333333333 0.07261904761904762
0 0.6863095238095238 0.5357142857142857 0.0625 0.09107142857142857
0 0.5422619047619047 0.5226190476190476 0.058333333333333334 0.0994047619047619
0 0.5047619047619047 0.4523809523809524 0.041666666666666664 0.07261904761904762
0 0.3761904761904762 0.5625 0.048214285714285716 0.0880952380952381
0 0.2839285714285714 0.5125 0.04285714285714286 0.0625
0 0.26904761904761904 0.4005952380952381 0.03630952380952381 0.05654761904761905
0 0.21071428571428572 0.42857142857142855 0.0380952380952381 0.047619047619047616
0 0.15535714285714286 0.4351190476190476 0.03571428571428571 0.05357142857142857
0 0.12678571428571428 0.49523809523809526 0.03869047619047619 0.05357142857142857
0 0.07976190476190476 0.4607142857142857 0.030357142857142857 0.03988095238095238
0 0.060714285714285714 0.5005952380952381 0.0375 0.04523809523809524