1 0.8672619047619048 0.1523809523809524 0.0988095238095238 0.2148809523809524
1 0.7976190476190477 0.2619047619047619 0.050595238095238096 0.13988095238095238
1 0.6857142857142857 0.24404761904761904 0.07083333333333333 0.15178571428571427
1 0.6321428571428571 0.28809523809523807 0.05952380952380952 0.1380952380952381
1 0.4642857142857143 0.2869047619047619 0.05 0.1261904761904762
1 0.44107142857142856 0.3386904761904762 0.023809523809523808 0.0494047619047619
1 0.31607142857142856 0.29345238095238096 0.042261904761904764 0.1005952380952381
1 0.38392857142857145 0.40714285714285714 0.03273809523809524 0.05119047619047619
1 0.37142857142857144 0.31726190476190474 0.018452380952380953 0.030952380952380953
1 0.24166666666666667 0.30654761904761907 0.01488095238095238 0.02857142857142857
1 0.1880952380952381 0.29583333333333334 0.015476190476190477 0.02738095238095238