1 0.5482142857142858 0.5333333333333333 0.10892857142857143 0.09821428571428571
1 0.3875 0.4851190476190476 0.10416666666666667 0.10595238095238095
1 0.21666666666666667 0.3738095238095238 0.07797619047619048 0.0869047619047619
1 0.10654761904761904 0.3678571428571429 0.07916666666666666 0.07678571428571429
1 0.29285714285714287 0.2785714285714286 0.055952380952380955 0.06428571428571428
1 0.4017857142857143 0.25476190476190474 0.06369047619047619 0.07023809523809524
1 0.4732142857142857 0.25476190476190474 0.05892857142857143 0.05119047619047619
1 0.5946428571428571 0.25595238095238093 0.06607142857142857 0.05119047619047619
1 0.6625 0.20654761904761904 0.05654761904761905 0.0630952380952381
1 0.7559523809523809 0.23809523809523808 0.05416666666666667 0.05714285714285714
1 0.8535714285714285 0.21071428571428572 0.06369047619047619 0.060714285714285714
1 0.7488095238095238 0.11904761904761904 0.05119047619047619 0.05654761904761905
1 0.6517857142857143 0.1244047619047619 0.04404761904761905 0.041666666666666664
1 0.575 0.11964285714285715 0.03988095238095238 0.04047619047619048
1 0.5214285714285715 0.10178571428571428 0.03571428571428571 0.0375
1 0.4583333333333333 0.09166666666666666 0.0375 0.042261904761904764
1 0.3148809523809524 0.07976190476190476 0.041666666666666664 0.04523809523809524
1 0.24285714285714285 0.08928571428571429 0.039285714285714285 0.04047619047619048
1 0.19285714285714287 0.06785714285714285 0.044642857142857144 0.042261904761904764
1 0.13333333333333333 0.0869047619047619 0.04404761904761905 0.0380952380952381