1 0.30357142857142855 0.2261904761904762 0.08571428571428572 0.19166666666666668
1 0.18154761904761904 0.1738095238095238 0.09404761904761905 0.2244047619047619
1 0.29583333333333334 0.4029761904761905 0.09642857142857143 0.22857142857142856
1 0.2654761904761905 0.5958333333333333 0.08928571428571429 0.19047619047619047
1 0.3488095238095238 0.6047619047619047 0.075 0.19166666666666668
1 0.42738095238095236 0.5273809523809524 0.0886904761904762 0.20595238095238094
1 0.4988095238095238 0.3601190476190476 0.07321428571428572 0.1744047619047619
1 0.42916666666666664 0.20654761904761904 0.09404761904761905 0.2244047619047619
1 0.5607142857142857 0.21785714285714286 0.08452380952380953 0.2017857142857143
1 0.6357142857142857 0.3744047619047619 0.09642857142857143 0.19166666666666668
1 0.736904761904762 0.35654761904761906 0.10119047619047619 0.21904761904761905
1 0.7107142857142857 0.14464285714285716 0.12023809523809524 0.21428571428571427
1 0.6702380952380952 0.7875 0.10119047619047619 0.23035714285714284