1 0.20833333333333334 0.3595238095238095 0.08333333333333333 0.16428571428571428
1 0.26785714285714285 0.3345238095238095 0.07142857142857142 0.18988095238095237
1 0.30416666666666664 0.16071428571428573 0.0886904761904762 0.18333333333333332
1 0.40654761904761905 0.18452380952380953 0.06785714285714285 0.11428571428571428
1 0.3761904761904762 0.35595238095238096 0.09226190476190477 0.1976190476190476
1 0.46190476190476193 0.30773809523809526 0.06845238095238096 0.16488095238095238
1 0.5142857142857142 0.18988095238095237 0.06904761904761905 0.12083333333333333
1 0.5476190476190477 0.3261904761904762 0.09166666666666666 0.14821428571428572
1 0.6375 0.30833333333333335 0.075 0.16607142857142856
1 0.6583333333333333 0.15535714285714286 0.08333333333333333 0.15595238095238095
1 0.7267857142857143 0.3148809523809524 0.08035714285714286 0.1625
1 0.825 0.28035714285714286 0.08333333333333333 0.18511904761904763