1 0.3607142857142857 0.21666666666666667 0.07321428571428572 0.12083333333333333
1 0.24523809523809523 0.2154761904761905 0.06190476190476191 0.10357142857142858
1 0.6279761904761905 0.24642857142857144 0.07738095238095238 0.1375
1 0.700595238095238 0.29404761904761906 0.044642857142857144 0.07083333333333333
1 0.7458333333333333 0.305952380952381 0.03154761904761905 0.06666666666666667
1 0.7970238095238096 0.28809523809523807 0.0375 0.08214285714285714
1 0.7660714285714286 0.29404761904761906 0.015476190476190477 0.03869047619047619
1 0.8833333333333333 0.305952380952381 0.02976190476190476 0.060714285714285714
1 0.9077380952380952 0.30297619047619045 0.018452380952380953 0.039285714285714285
1 0.9773809523809524 0.3119047619047619 0.024404761904761905 0.05357142857142857
1 0.9470238095238095 0.31785714285714284 0.025 0.04107142857142857