0 0.8982142857142857 0.4767857142857143 0.09285714285714286 0.14047619047619048
0 0.7494047619047619 0.4398809523809524 0.07083333333333333 0.1125
0 0.6988095238095238 0.35773809523809524 0.06369047619047619 0.10535714285714286
0 0.5720238095238095 0.2386904761904762 0.06369047619047619 0.10238095238095238
0 0.4744047619047619 0.20357142857142857 0.05416666666666667 0.08392857142857142
0 0.5005952380952381 0.30238095238095236 0.058333333333333334 0.125
0 0.575 0.4714285714285714 0.06666666666666667 0.14464285714285716
0 0.5214285714285715 0.4119047619047619 0.06666666666666667 0.13095238095238096
0 0.4 0.44166666666666665 0.07321428571428572 0.13333333333333333
0 0.31547619047619047 0.26071428571428573 0.04583333333333333 0.10357142857142858
0 0.24523809523809523 0.2648809523809524 0.055357142857142855 0.09523809523809523
0 0.23035714285714284 0.4452380952380952 0.06369047619047619 0.14345238095238094
0 0.16785714285714284 0.39107142857142857 0.0494047619047619 0.14047619047619048
0 0.10714285714285714 0.4589285714285714 0.06190476190476191 0.12797619047619047
0 0.20952380952380953 0.325 0.055357142857142855 0.11369047619047619
1 0.3482142857142857 0.2976190476190476 0.05 0.0869047619047619
1 0.3011904761904762 0.40476190476190477 0.05 0.09404761904761905
1 0.6678571428571428 0.4607142857142857 0.05238095238095238 0.1125